3 hexa 30 30 bubble
16 13 0.254259 saab 
0 26 0.23901 bus 
0 7 0.489556 saab 
20 15 0.529863 
23 2 0.25397 
28 2 0.2617 
17 29 0.429991 
8 27 0.209406 
7 15 0.249378 van 
29 10 0.357685 saab 
22 0 0.336319 opel 
14 13 0.311643 
0 24 0.304456 bus 
20 17 0.39726 saab 
1 29 0.174403 bus 
0 24 0.159691 bus 
26 19 0.309627 saab 
20 29 0.217105 
25 26 0.261571 opel 
2 24 0.247603 bus 
22 29 0.345648 
20 7 0.344964 
16 25 0.30502 
3 22 0.279643 bus 
0 10 0.291512 van 
0 6 0.421325 van 
18 3 0.274719 
17 10 0.379926 saab 
21 29 0.310499 saab 
13 19 0.172798 van 
22 3 0.217987 
29 3 0.263694 opel 
10 27 0.303203 
23 24 0.230348 
7 23 0.451186 
0 9 0.289363 
12 15 0.29071 saab 
18 14 0.494727 saab 
28 24 0.4897 
29 29 0.393063 bus 
24 8 0.282391 
24 0 0.440689 bus 
7 27 0.262386 van 
4 17 0.216725 
18 4 0.264465 van 
12 1 0.318084 
17 27 0.196658 
12 29 1.25716 van 
10 0 0.374095 opel 
10 6 0.313722 van 
6 21 0.272516 bus 
0 28 0.128912 bus 
28 18 0.249954 saab 
22 21 0.17502 
3 17 0.447503 
7 11 0.274403 van 
29 13 0.376663 saab 
27 29 0.399633 bus 
18 16 0.296701 saab 
11 16 0.32383 
11 19 0.304665 
22 27 0.184943 
25 15 0.334379 saab 
0 24 0.126391 bus 
20 26 0.290659 
4 0 0.276447 opel 
26 10 0.294466 
3 7 0.382116 saab 
11 29 1.26993 van 
10 29 1.16719 van 
29 18 0.174761 saab 
28 10 0.248376 
4 15 0.297707 
5 20 0.271402 bus 
5 22 0.146756 
3 16 0.328613 van 
10 0 0.274031 opel 
9 5 0.188116 
13 12 0.217567 
0 6 0.440117 van 
25 0 0.30613 
17 23 0.304044 bus 
14 16 0.309357 
24 11 0.338984 
28 11 0.300177 
21 2 0.161688 van 
18 27 0.345212 
7 29 0.227146 van 
1 15 0.446878 van 
10 0 0.271841 opel 
14 6 0.28829 bus 
16 20 0.224558 
29 13 0.51567 saab 
0 20 0.148107 bus 
15 25 0.339149 bus 
5 21 0.161333 
27 22 0.138879 opel 
9 18 0.226711 bus 
25 5 0.28173 bus 
9 0 0.354732 van 
8 2 0.368084 
15 24 0.390167 
10 8 0.214626 
22 29 0.223678 
7 28 0.145481 van 
11 16 0.220749 
29 3 0.26976 opel 
23 17 0.227568 
26 12 0.311123 
0 21 0.138629 bus 
8 17 0.154029 bus 
29 13 0.347091 saab 
26 12 0.349306 
29 12 0.259159 
1 14 0.707257 
21 12 0.221501 
6 0 0.277085 saab 
17 0 0.300838 van 
18 4 0.285188 van 
26 0 0.182924 saab 
24 7 0.35185 
5 6 0.876859 
1 29 0.167514 bus 
24 23 0.283841 saab 
20 21 0.502013 
17 23 0.241763 bus 
6 28 0.314165 
0 12 0.223109 van 
7 23 0.31794 
24 22 0.264988 saab 
19 14 0.467219 saab 
17 4 0.209272 
29 29 0.368489 bus 
2 27 0.182119 
26 6 0.259624 
0 12 0.42446 van 
15 21 0.38421 
6 29 0.249941 van 
19 26 0.349283 
21 3 0.250359 bus 
12 29 1.18439 van 
12 12 0.266216 
24 22 0.388838 saab 
5 29 0.26381 van 
7 29 0.228938 van 
5 12 0.351185 
7 0 0.248826 
12 3 0.32 
3 13 0.158863 opel 
13 11 0.185476 
9 19 0.326167 bus 
0 0 0.327689 opel 
0 12 0.204386 van 
18 10 0.407553 bus 
18 11 0.321609 
2 25 0.220312 van 
0 9 0.417307 
29 15 0.373241 opel 
16 24 0.248182 opel 
19 18 0.451237 
29 29 0.414943 bus 
23 16 0.398054 
29 29 0.402903 bus 
1 15 0.419641 van 
4 29 0.282098 van 
29 22 0.381988 opel 
25 0 0.314635 
6 12 0.231658 van 
29 0 0.437478 van 
22 29 0.250802 
6 17 0.410998 
19 27 0.335579 
18 10 0.283279 bus 
0 24 0.135088 bus 
11 20 0.201874 saab 
9 7 0.363798 
21 17 0.443356 
6 27 0.171502 
11 4 0.172361 
14 15 0.356276 
0 22 0.20892 bus 
2 29 0.224519 bus 
5 24 0.240225 
11 10 0.239927 
8 9 0.23881 van 
29 7 0.351292 saab 
27 10 0.18428 
23 24 0.173308 
0 28 0.290108 bus 
18 9 0.232363 
25 22 0.244614 
27 17 0.448895 
21 29 0.310174 saab 
17 25 0.305091 
0 23 0.178044 
23 11 0.346227 
23 29 0.135243 saab 
5 18 0.467372 
0 0 0.332275 opel 
0 10 0.580186 van 
8 7 0.343571 van 
20 0 0.161522 opel 
23 29 0.336446 saab 
29 23 0.242314 opel 
1 20 0.19416 
0 4 0.349478 van 
15 21 0.292668 
1 29 0.298798 bus 
29 11 0.333442 saab 
19 0 0.599731 van 
2 7 0.376737 van 
17 0 0.29061 van 
23 22 0.315768 saab 
24 27 0.206646 
16 22 0.36412 bus 
7 21 0.41051 bus 
19 26 0.280058 
15 22 0.366445 bus 
18 29 0.294295 opel 
2 23 0.187198 
19 9 0.260651 opel 
8 19 0.289757 van 
12 10 0.191306 bus 
21 14 0.488416 
0 9 0.147907 
5 10 0.499524 van 
28 5 0.25268 
24 0 0.337608 bus 
20 29 0.280678 
23 5 0.317922 
24 0 0.285076 bus 
23 18 0.525832 
13 11 0.204625 
25 3 0.210015 saab 
15 14 0.30758 
8 24 0.363912 
7 27 0.27397 van 
3 24 0.15478 
3 6 0.240361 van 
1 11 0.396194 
12 16 0.25347 bus 
28 16 0.37959 saab 
0 10 0.290987 van 
2 15 0.438394 van 
12 6 0.331922 opel 
14 11 0.269127 
9 9 0.349263 
9 8 0.350559 opel 
12 16 0.316908 bus 
7 9 0.160595 
0 26 0.186 bus 
8 18 0.306051 
11 18 0.267994 
29 4 0.478576 
0 22 0.145604 bus 
29 21 0.284204 opel 
0 8 0.303946 
22 28 0.230873 saab 
29 15 0.248441 opel 
29 8 0.506934 
11 19 0.192119 
17 14 0.247544 opel 
9 13 0.213497 bus 
19 4 0.333436 van 
27 24 0.19122 
14 8 0.309161 
8 10 0.346414 
29 29 0.299247 bus 
0 12 0.252209 van 
16 22 0.278366 bus 
13 0 0.384924 van 
18 11 0.263731 
9 1 0.268318 
4 0 0.283653 opel 
2 24 0.154182 bus 
6 27 0.217149 
23 18 0.415264 
24 19 0.304319 saab 
3 17 0.571388 
13 10 0.207539 opel 
21 19 0.206169 saab 
3 9 0.249464 
7 25 0.216262 van 
17 26 0.290538 bus 
18 14 0.1438 saab 
