3 hexa 5 5 bubble
2 3 0.433152 van 
2 1 0.326028 van 
0 4 0.486821 bus 
0 4 0.4032 bus 
1 4 0.36933 bus 
4 4 0.414454 opel 
4 4 0.552849 opel 
0 4 0.469414 bus 
4 3 0.582363 saab 
4 4 0.933123 opel 
0 4 0.734978 bus 
0 4 0.303009 bus 
1 2 0.28376 bus 
1 4 0.380793 bus 
4 3 0.705809 saab 
4 4 0.4147 opel 
4 2 0.434067 opel 
0 4 0.347807 bus 
1 0 0.500892 bus 
1 0 0.279428 bus 
4 3 0.615209 saab 
4 4 0.463363 opel 
0 2 0.577305 opel 
2 4 0.44163 van 
0 4 0.400594 bus 
1 0 0.461634 bus 
4 1 0.66429 opel 
3 1 0.403327 bus 
0 3 0.323725 bus 
2 1 0.349864 van 
0 4 0.549372 bus 
4 3 0.425186 saab 
3 1 0.217915 bus 
4 3 0.359412 saab 
3 3 0.289811 opel 
1 3 0.441857 van 
0 4 0.331201 bus 
2 0 0.44164 bus 
1 3 0.367691 van 
4 3 0.47343 saab 
2 2 0.315315 van 
4 4 0.473579 opel 
0 4 0.421354 bus 
2 2 0.292984 van 
2 2 1.20358 van 
0 0 0.492655 van 
2 1 0.31706 van 
4 3 0.471101 saab 
0 0 0.592211 van 
4 4 1.098 opel 
0 4 0.264984 bus 
4 4 0.33627 opel 
0 4 0.393656 bus 
2 4 0.398352 van 
0 2 0.682039 opel 
0 4 0.411179 bus 
0 2 0.455356 opel 
2 0 0.900364 bus 
1 4 0.182794 bus 
4 4 0.595571 opel 
0 4 0.556565 bus 
4 3 0.262772 saab 
0 0 0.556511 van 
0 4 0.503498 bus 
0 4 0.342534 bus 
1 1 0.454376 van 
3 0 0.344432 bus 
0 1 0.558755 van 
4 4 0.65116 opel 
4 3 0.435557 saab 
1 1 0.382418 van 
4 4 0.402087 opel 
4 4 0.310834 opel 
4 4 0.292113 opel 
2 1 0.551643 van 
0 0 0.26983 van 
2 1 0.395816 van 
3 2 0.401867 bus 
4 1 0.293735 opel 
1 2 0.360633 bus 
1 2 0.257898 bus 
4 3 0.407205 saab 
1 1 0.415514 van 
0 0 0.352954 van 
0 2 0.525425 opel 
4 4 1.08728 opel 
2 2 0.331183 van 
0 0 0.595559 van 
4 3 0.446628 saab 
2 1 0.335192 van 
0 0 0.663217 van 
0 2 0.438052 opel 
2 0 0.555995 bus 
0 2 0.395889 opel 
0 2 0.333099 opel 
4 4 0.497245 opel 
3 0 0.410651 bus 
0 4 0.32504 bus 
1 2 0.453433 bus 
0 0 0.668248 van 
4 2 0.398412 opel 
4 4 0.670035 opel 
4 4 0.387043 opel 
2 2 0.344884 van 
4 3 0.541411 saab 
2 4 0.390883 van 
3 2 0.30892 bus 
0 4 0.644524 bus 
4 4 0.474289 opel 
2 4 0.445817 van 
1 3 0.318588 van 
2 4 0.357916 van 
2 0 0.517593 bus 
1 0 0.405875 bus 
2 0 0.474597 bus 
2 4 0.377405 van 
4 4 0.426655 opel 
1 2 0.195325 bus 
1 4 0.209114 bus 
2 0 0.409683 bus 
0 2 0.207109 opel 
4 3 0.482775 saab 
2 1 0.446139 van 
1 4 0.326892 bus 
2 4 0.329607 van 
2 4 0.435024 van 
4 4 0.427605 opel 
4 3 0.733502 saab 
0 4 0.307346 bus 
4 4 0.975043 opel 
0 1 0.148497 van 
3 1 0.267806 bus 
4 4 0.34723 opel 
0 0 0.631248 van 
2 2 0.412899 van 
0 4 0.35992 bus 
4 4 0.431626 opel 
0 1 0.301327 van 
1 4 0.347925 bus 
2 1 0.363907 van 
2 0 0.369314 bus 
0 4 0.576904 bus 
4 4 0.973006 opel 
4 4 0.381276 opel 
0 1 0.463885 van 
1 4 0.284628 bus 
4 3 0.345996 saab 
0 0 0.496336 van 
0 2 0.427471 opel 
2 0 0.751737 bus 
0 1 0.2941 van 
0 4 0.479616 bus 
2 2 0.35406 van 
4 3 0.531596 saab 
4 1 0.39812 opel 
1 4 0.220356 bus 
0 4 0.346991 bus 
3 2 0.401299 bus 
4 0 0.420698 saab 
4 4 0.511839 opel 
1 4 0.334287 bus 
0 4 0.497327 bus 
4 3 0.319594 saab 
4 1 0.306035 opel 
4 3 0.728697 saab 
4 4 0.752817 opel 
4 4 0.292205 opel 
4 2 0.265678 opel 
0 4 0.59288 bus 
2 4 0.415621 van 
4 3 0.440144 saab 
2 0 0.294983 bus 
0 4 0.360092 bus 
4 3 0.460519 saab 
4 4 0.440634 opel 
4 4 0.582523 opel 
3 0 0.42708 bus 
2 2 0.412322 van 
3 3 0.425701 opel 
4 4 0.435689 opel 
4 2 0.442349 opel 
4 4 0.454323 opel 
1 1 0.313392 van 
1 1 0.473554 van 
3 0 0.522026 bus 
1 3 0.31482 van 
3 2 0.388503 bus 
0 4 0.618451 bus 
0 0 0.592371 van 
1 0 0.36889 bus 
3 3 0.381839 opel 
0 3 0.313729 bus 
1 4 0.330248 bus 
2 0 0.57784 bus 
0 4 0.731422 bus 
0 0 0.701151 van 
4 4 0.447995 opel 
2 4 0.304591 van 
0 2 0.566751 opel 
2 1 0.498817 van 
0 4 0.343254 bus 
1 4 0.310586 bus 
4 4 0.802502 opel 
0 0 0.657191 van 
1 1 0.289366 van 
1 0 0.449177 bus 
2 2 0.487728 van 
2 0 0.321214 bus 
0 4 0.497045 bus 
2 4 0.41554 van 
1 1 0.352265 van 
4 4 0.952023 opel 
0 0 0.540552 van 
1 0 0.714142 bus 
4 0 0.419596 saab 
1 0 0.504899 bus 
4 3 0.763129 saab 
3 3 0.449518 opel 
1 3 0.328046 van 
2 4 0.262046 van 
4 4 0.488087 opel 
0 1 0.408318 van 
0 2 0.489741 opel 
4 4 0.484452 opel 
3 1 0.41399 bus 
4 1 0.655844 opel 
4 1 0.396564 opel 
0 4 0.482313 bus 
4 4 0.27712 opel 
4 3 0.855246 saab 
3 0 0.314923 bus 
1 2 0.55508 bus 
4 1 0.516155 opel 
3 1 0.450166 bus 
0 3 0.458806 bus 
4 3 0.365018 saab 
4 4 0.387636 opel 
1 2 0.188158 bus 
0 2 0.336172 opel 
1 0 0.47203 bus 
4 4 0.751027 opel 
0 4 0.286452 bus 
0 4 0.34199 bus 
4 3 0.425565 saab 
2 2 0.495566 van 
0 0 0.618283 van 
0 4 0.291324 bus 
1 2 0.2125 bus 
1 1 0.408122 van 
4 3 0.554568 saab 
4 1 0.541248 opel 
1 2 0.302712 bus 
4 2 0.301013 opel 
4 3 0.483142 saab 
2 4 0.383432 van 
2 2 0.555896 van 
0 2 0.404003 opel 
1 0 0.461999 bus 
4 4 0.452743 opel 
2 4 0.257677 van 
2 1 0.439975 van 
0 4 0.504055 bus 
4 3 0.603008 saab 
2 1 0.357119 van 
0 0 0.696758 van 
1 3 0.305465 van 
0 3 0.353062 bus 
1 2 0.230411 bus 
3 1 0.370565 bus 
0 1 0.36573 van 
2 0 0.483664 bus 
0 0 0.507385 van 
4 1 0.618078 opel 
1 2 0.195502 bus 
2 2 0.309693 van 
2 2 0.182315 van 
4 4 0.605588 opel 
0 4 0.77246 bus 
0 4 0.606252 bus 
1 1 0.380466 van 
1 0 0.41271 bus 
4 3 0.517066 saab 
1 0 0.326273 bus 
