3 hexa 20 20 bubble
15 11 0.296655 opel 
5 0 0.297194 van 
5 19 0.360892 van 
6 19 0.345382 van 
18 16 0.238945 bus 
19 5 0.249238 opel 
19 7 0.3444 opel 
2 17 0.407084 
13 1 0.406635 
19 1 0.622373 bus 
0 18 0.382932 saab 
19 19 0.159823 bus 
8 15 0.283951 van 
15 19 0.253962 bus 
15 0 0.491212 saab 
19 7 0.2124 opel 
13 7 0.371422 saab 
19 19 0.17475 bus 
0 1 0.357085 
4 9 0.197897 
17 4 0.499708 opel 
17 4 0.357061 opel 
0 17 0.397061 van 
15 15 0.312789 van 
19 19 0.296374 bus 
3 10 0.445142 bus 
11 0 0.475915 opel 
8 0 0.379348 opel 
6 17 0.251954 
9 9 0.184787 
1 18 0.478812 
15 4 0.348463 saab 
10 7 0.186032 opel 
16 3 0.242842 
15 8 0.219266 saab 
9 19 0.29708 
6 19 0.281986 van 
2 0 0.256567 van 
17 15 0.293588 bus 
15 0 0.214593 saab 
11 12 0.312808 van 
19 3 0.421113 bus 
19 19 0.251977 bus 
6 0 0.301594 bus 
19 13 1.03047 van 
1 8 0.346734 van 
5 0 0.311804 van 
14 0 0.22911 saab 
4 9 0.441137 
19 1 0.788929 bus 
6 16 0.274783 
17 4 0.258752 opel 
4 17 0.35867 
15 15 0.28484 van 
0 16 0.394611 saab 
19 19 0.191591 bus 
2 14 0.303466 
1 0 0.649109 bus 
16 18 0.235609 
19 1 0.284771 bus 
2 19 0.300083 opel 
15 4 0.20014 saab 
0 10 0.376968 van 
3 19 0.339846 van 
18 17 0.245044 bus 
3 0 0.372184 van 
6 5 0.236686 bus 
9 18 0.531876 opel 
19 3 0.473911 bus 
17 5 0.288368 saab 
10 18 0.339165 
19 7 0.312139 opel 
18 4 0.180307 opel 
15 2 0.238142 opel 
7 0 0.485695 saab 
0 11 0.228051 
8 9 0.277203 opel 
14 10 0.370789 bus 
11 3 0.213318 opel 
7 13 0.346309 
9 15 0.241479 van 
15 3 0.319776 opel 
8 12 0.377531 bus 
5 10 0.266082 saab 
6 12 0.461672 bus 
19 0 0.69681 bus 
12 11 0.193961 
0 6 0.431111 opel 
16 4 0.342927 saab 
4 0 0.311978 van 
0 10 0.477428 van 
3 13 0.291302 van 
7 8 0.322421 saab 
1 13 0.334082 van 
5 14 0.24731 
19 5 0.295928 opel 
6 0 0.318667 bus 
19 19 0.207178 bus 
10 14 0.430891 
0 8 0.457813 van 
15 8 0.298514 saab 
19 1 0.358545 bus 
17 5 0.251554 saab 
10 12 0.29702 
16 1 0.348172 opel 
15 15 0.270954 van 
14 11 0.218912 
1 18 0.493427 
17 0 0.335287 opel 
15 14 0.293211 van 
8 12 0.290132 bus 
13 17 0.275119 van 
6 6 0.282621 bus 
1 0 0.315263 bus 
11 12 0.448184 van 
14 14 0.277763 van 
15 0 0.343058 saab 
8 14 0.172253 bus 
18 15 0.254959 
4 5 0.247311 bus 
4 16 0.13492 opel 
15 0 0.241951 saab 
8 9 0.418618 opel 
17 19 0.231334 bus 
13 18 0.271543 
15 15 0.360076 van 
17 0 0.243571 opel 
14 0 0.481963 saab 
19 19 0.208721 bus 
19 1 0.592539 bus 
4 12 0.157091 saab 
11 8 0.184491 saab 
16 0 0.340741 opel 
0 2 0.492988 opel 
12 11 0.380793 
19 17 0.210544 bus 
17 0 0.299854 opel 
1 13 0.309433 van 
18 16 0.210904 bus 
12 12 0.333646 
2 3 0.305569 
0 17 0.429267 van 
19 1 0.599467 bus 
18 5 0.251163 saab 
0 12 0.367742 van 
15 19 0.219511 bus 
14 1 0.167759 saab 
0 11 0.371969 
1 15 0.230188 opel 
3 6 0.573891 bus 
9 16 0.332152 opel 
4 18 0.369673 van 
12 12 0.275518 
13 0 0.282029 saab 
11 0 0.209544 opel 
16 19 0.21558 bus 
5 18 0.332577 
14 11 0.3844 
8 4 0.339387 
19 7 0.425453 opel 
17 19 0.27481 bus 
2 19 0.343216 opel 
13 3 0.2283 
10 0 0.211309 
14 4 0.633361 saab 
19 1 0.45992 bus 
19 5 0.150806 opel 
14 6 0.202946 opel 
2 19 0.398704 opel 
15 14 0.329047 van 
16 2 0.310758 opel 
10 12 0.291166 
19 19 0.249594 bus 
15 5 0.365761 saab 
15 0 0.389713 saab 
19 3 0.481105 bus 
6 3 0.387043 opel 
12 13 0.336816 van 
16 10 0.3703 opel 
18 7 0.400561 
14 7 0.34862 opel 
17 3 0.284546 opel 
3 0 0.31397 van 
4 0 0.352952 van 
5 0 0.289795 van 
13 19 0.230115 van 
11 7 0.274749 opel 
0 19 0.340119 van 
1 0 0.457335 bus 
2 2 0.255166 
15 9 0.260855 opel 
6 15 0.353463 bus 
14 19 0.232571 
6 7 0.426077 saab 
0 19 0.362091 van 
2 7 0.557122 saab 
17 4 0.291521 opel 
14 16 0.280058 van 
0 15 0.317287 opel 
9 9 0.422646 
4 17 0.32275 
17 18 0.145561 
19 1 0.49783 bus 
2 8 0.537861 van 
5 9 0.172776 opel 
0 4 0.270887 van 
11 18 0.391553 van 
5 4 0.179401 saab 
0 19 0.308915 van 
14 15 0.34769 saab 
5 9 0.205882 opel 
19 1 0.705715 bus 
0 10 0.329046 van 
1 0 0.444941 bus 
8 3 0.411856 opel 
3 6 0.279137 bus 
12 0 0.467591 saab 
15 3 0.46626 opel 
13 19 0.281101 van 
13 17 0.213637 van 
16 1 0.304283 opel 
9 15 0.450682 van 
0 14 0.268517 van 
19 7 0.277357 opel 
12 8 0.355906 bus 
10 5 0.537802 opel 
12 2 0.221778 
5 19 0.414691 van 
16 7 0.281076 
13 0 0.565973 saab 
7 2 0.301597 
8 12 0.492757 bus 
12 5 0.416555 saab 
9 0 0.396678 opel 
6 17 0.393985 
16 1 0.166593 opel 
17 7 0.277321 
6 14 0.185539 van 
7 18 0.284682 
4 6 0.288679 bus 
19 1 0.447571 bus 
19 19 0.0991598 bus 
19 19 0.242541 bus 
17 6 0.29727 saab 
8 10 0.330064 saab 
2 7 0.491579 saab 
18 19 0.312671 bus 
7 13 0.156592 
3 0 0.447493 van 
15 0 0.33385 saab 
10 5 0.397567 opel 
9 14 0.322665 
12 2 0.165134 
15 2 0.316412 opel 
11 17 0.304065 van 
11 19 0.367462 van 
3 15 0.313957 van 
0 4 0.224159 van 
12 0 0.395292 saab 
12 16 0.259849 van 
6 0 0.311338 bus 
5 19 0.413356 van 
17 4 0.480172 opel 
7 0 0.348237 saab 
0 0 0.461338 van 
13 16 0.225549 
5 14 0.296102 
7 14 0.211071 
12 9 0.329922 bus 
2 12 0.244346 
3 5 0.325501 opel 
0 7 0.270735 opel 
11 4 0.527977 opel 
6 13 0.175275 
11 13 0.321932 van 
10 15 0.201689 
15 0 0.501104 saab 
0 19 0.396331 van 
0 19 0.212985 van 
5 10 0.274126 saab 
3 6 0.306537 bus 
16 4 0.417706 saab 
1 0 0.307472 bus 
