3 hexa 30 30 bubble
11 11 0.256905 opel 
15 23 0.186793 
27 6 0.321485 van 
25 4 0.389006 
18 4 0.217718 bus 
4 11 0.199293 opel 
5 12 0.335806 opel 
26 0 0.301292 saab 
0 0 0.425429 saab 
0 10 0.443286 bus 
29 0 0.333338 van 
22 1 0.118368 bus 
21 10 0.325752 opel 
17 4 0.276913 
0 0 0.456999 saab 
5 14 0.214269 saab 
10 15 0.377756 
23 0 0.152275 bus 
20 24 0.371265 van 
27 27 0.252995 
0 20 0.361474 opel 
1 18 0.266578 
29 4 0.41685 
14 7 0.296587 van 
20 3 0.284717 bus 
22 20 0.278568 
1 0 0.543102 opel 
8 0 0.320803 
24 8 0.211137 
14 15 0.249578 
26 0 0.333733 saab 
2 20 0.267275 
13 17 0.275543 
3 16 0.242634 
8 16 0.205158 
12 0 0.366105 van 
24 6 0.295976 van 
19 26 0.288671 bus 
18 7 0.319375 
0 0 0.169772 saab 
15 14 0.30649 
2 9 0.352432 
23 0 0.221426 bus 
15 26 0.255257 saab 
15 0 1.13359 
29 23 0.297691 van 
15 25 0.268518 
0 0 0.196039 saab 
29 27 0.29964 saab 
0 10 0.598746 bus 
23 6 0.188883 
2 18 0.218857 saab 
23 7 0.313674 saab 
13 7 0.244677 
29 5 0.378519 saab 
21 0 0.170061 bus 
25 13 0.393577 van 
16 29 0.605267 opel 
20 7 0.129302 
0 9 0.165509 bus 
28 3 0.317172 
3 19 0.219862 
29 17 0.254659 van 
27 5 0.34633 van 
19 4 0.202281 bus 
17 29 0.261789 van 
24 29 0.324716 van 
28 11 0.56372 
0 12 0.435809 bus 
4 16 0.245456 saab 
17 28 0.302165 opel 
5 8 0.278939 bus 
1 15 0.175294 opel 
0 19 0.323575 
9 0 0.410386 van 
27 16 0.201455 
16 15 0.415793 opel 
7 1 0.311867 
6 24 0.230302 
20 16 0.265769 saab 
17 10 0.210719 
2 20 0.304409 
18 12 0.419397 
29 27 0.290647 saab 
23 8 0.463796 opel 
0 10 0.578081 bus 
13 13 0.176722 
26 20 0.389465 van 
2 19 0.249402 
16 24 0.217416 
29 21 0.437105 van 
24 14 0.344318 saab 
29 29 0.270116 saab 
25 14 0.287392 van 
22 13 0.283064 van 
3 14 0.262728 saab 
11 29 0.34671 opel 
23 0 0.148958 bus 
16 10 0.348082 van 
27 19 0.407483 
7 17 0.290721 opel 
0 10 0.231462 bus 
2 17 0.184814 saab 
15 12 0.203858 
0 4 0.385874 opel 
14 7 0.233808 van 
12 12 0.247581 
27 0 0.45068 opel 
0 4 0.352194 opel 
14 8 0.251918 van 
19 14 0.277596 bus 
10 3 0.281939 
27 29 0.255836 opel 
19 26 0.255735 bus 
17 21 0.383311 
12 6 0.235721 van 
3 5 0.227662 
20 12 0.183116 
20 7 0.219417 
24 27 0.269887 opel 
24 9 0.16435 
0 2 0.244313 saab 
17 15 0.491887 opel 
22 0 0.230219 bus 
11 2 0.241551 van 
14 6 0.320602 
0 5 0.265966 
3 0 0.376733 
22 4 0.184622 bus 
0 10 0.453057 bus 
21 16 0.11108 
12 17 0.232895 bus 
3 5 0.293532 
26 19 0.483161 
14 24 0.295651 van 
19 3 0.197786 bus 
2 6 0.232715 opel 
25 15 0.20909 
17 2 0.201168 saab 
16 22 0.263798 
22 23 0.257025 
28 1 0.445348 van 
0 10 0.551469 bus 
4 14 0.235409 saab 
28 14 0.264593 
18 4 0.234398 bus 
0 3 0.194577 
27 17 0.335541 
25 12 0.398147 van 
29 26 0.473955 bus 
19 27 0.322055 van 
25 5 0.338759 saab 
15 12 0.249051 
1 0 0.299857 opel 
6 0 0.243383 
21 5 0.192408 bus 
24 5 0.246515 
8 2 0.318528 
7 29 0.32267 bus 
4 7 0.310954 
22 3 0.276173 bus 
26 0 0.269597 saab 
4 21 0.249983 saab 
7 2 0.249372 
2 22 0.448669 
0 10 0.416327 bus 
3 14 0.157389 saab 
7 19 0.20735 
29 5 0.340691 saab 
12 7 0.27866 
1 18 0.345006 
16 14 0.299297 
22 3 0.209207 bus 
4 20 0.279075 
4 5 0.220541 saab 
0 11 0.445272 
15 21 0.369189 
12 7 0.338182 
7 4 0.282574 opel 
5 6 0.275728 bus 
7 18 0.280987 
1 16 0.25307 opel 
19 24 0.225578 bus 
16 27 0.236996 
14 29 0.196221 van 
16 9 0.298234 van 
11 14 0.333158 bus 
28 0 0.278307 saab 
18 29 0.410365 saab 
21 23 0.216566 
9 13 0.260084 
18 7 0.300819 
16 4 0.329052 bus 
29 29 0.342032 saab 
29 5 0.347694 saab 
29 25 0.412855 saab 
1 17 0.209416 
11 5 0.234701 
29 2 0.418201 saab 
16 18 0.292365 
25 3 0.31696 van 
18 3 0.140217 bus 
0 10 0.357196 bus 
29 25 0.408984 saab 
19 16 0.254886 
24 21 0.293422 
15 29 0.30326 
24 28 0.204937 
27 0 0.209631 opel 
12 6 0.316659 van 
19 16 0.291114 
0 10 0.549225 bus 
29 19 0.261002 van 
18 29 0.431425 saab 
8 27 0.394923 
25 24 0.271586 saab 
2 0 0.415134 
0 22 0.44057 bus 
17 10 0.274893 
11 1 0.234955 
0 4 0.333276 opel 
25 15 0.348214 
28 13 0.301059 
5 12 0.243668 opel 
10 21 0.248231 
5 26 0.42783 
1 0 0.362108 opel 
25 4 0.417377 
7 8 0.31991 
0 0 0.495965 saab 
13 23 0.295768 
19 16 0.414527 
5 23 0.348083 
7 0 0.371489 
24 8 0.368893 
0 4 0.238221 opel 
6 15 0.246878 opel 
22 12 0.174442 
26 10 0.254135 
24 24 0.28618 
0 10 0.272396 bus 
21 1 0.0804456 
23 1 0.182671 
5 16 0.240029 
18 15 0.448008 
29 25 0.340456 saab 
23 5 0.23106 van 
20 12 0.185186 
19 23 0.3301 
0 0 0.306584 saab 
4 26 0.246627 opel 
18 9 0.275982 van 
6 21 0.296183 
0 2 0.358272 saab 
11 0 0.235684 van 
10 0 0.319934 van 
24 11 0.368782 
29 21 0.305307 van 
5 4 0.245311 saab 
10 3 0.212978 
13 29 0.248869 saab 
25 0 0.425465 opel 
0 20 0.339481 opel 
9 0 0.280415 van 
19 28 0.498231 van 
12 3 0.21116 
23 8 0.295945 opel 
21 10 0.216682 opel 
12 20 0.325556 
24 16 0.225523 
26 27 0.281025 opel 
29 21 0.210404 van 
5 26 0.414009 
20 13 0.125986 
16 24 0.332959 
10 3 0.26474 
3 5 0.363945 
29 0 0.355326 van 
29 1 0.203104 van 
19 16 0.251249 
23 23 0.247581 
1 20 0.285685 saab 
19 25 0.262917 
