3 hexa 30 30 bubble
21 8 0.389773 
3 8 0.263907 
29 0 0.476751 bus 
9 1 0.370118 
0 17 0.452927 van 
17 0 0.339283 saab 
16 18 0.256629 
3 11 0.303482 
15 6 0.335265 
0 18 0.23949 van 
19 10 0.33132 
9 29 0.259246 bus 
7 19 0.273197 van 
10 23 0.249824 bus 
26 15 0.284416 
2 10 0.314986 
0 14 0.259982 van 
4 21 0.302851 saab 
4 29 0.375557 saab 
10 13 0.225819 bus 
18 26 0.324855 
18 10 0.311833 
19 7 0.382707 bus 
4 20 0.278809 saab 
25 5 0.331803 
5 5 0.295093 saab 
8 25 0.296301 bus 
23 14 0.215831 
11 1 0.371597 opel 
15 24 0.159322 
28 29 0.390466 opel 
0 17 0.504882 van 
17 2 0.333696 
12 7 0.314528 
5 22 0.398585 saab 
0 6 0.467268 van 
3 16 0.21698 
5 11 0.215869 van 
8 17 0.293987 van 
24 23 0.237027 
20 15 0.298117 
13 2 0.414429 opel 
4 29 0.35405 saab 
15 19 0.194237 van 
14 12 0.334198 
7 2 0.30954 
29 15 0.236883 saab 
11 29 0.228283 bus 
14 11 0.230398 
0 28 0.603623 van 
1 29 0.337886 saab 
26 7 0.32726 
2 26 0.420933 
12 22 0.193443 bus 
12 20 0.270987 van 
4 10 0.230402 van 
11 22 0.231156 bus 
5 16 0.200213 
0 10 0.174589 van 
14 1 0.274161 
21 12 0.250903 
17 5 0.16773 
2 13 0.328941 
20 0 0.36435 saab 
6 5 0.447502 opel 
13 10 0.341823 saab 
23 0 0.144685 
21 0 0.228495 saab 
17 21 0.166344 
18 6 0.355383 opel 
9 7 0.345231 
8 4 0.467406 
4 29 0.272858 saab 
22 12 0.227882 bus 
13 12 0.389949 
0 0 0.546944 saab 
24 11 0.202515 saab 
22 11 0.381528 
11 13 0.412591 
24 0 0.362482 opel 
13 20 0.162052 
10 29 0.128283 bus 
21 24 0.262901 van 
21 15 0.375688 
22 29 1.47622 van 
9 0 0.395007 opel 
13 7 0.184844 bus 
2 11 0.406992 van 
12 29 0.192427 bus 
6 0 0.35008 
8 26 0.201593 
9 17 0.317027 
29 28 0.451617 saab 
20 7 0.329412 saab 
0 29 0.243773 opel 
3 28 0.223273 
24 15 0.459943 saab 
12 25 0.205321 
15 10 0.326536 
26 0 0.242789 bus 
19 13 0.399236 
3 27 0.270082 van 
0 20 0.492878 saab 
0 4 0.325327 bus 
1 3 0.511335 saab 
2 12 0.703185 van 
15 9 0.311985 saab 
3 23 0.437114 opel 
13 12 0.442031 
22 6 0.253763 
10 29 0.232968 bus 
21 0 0.251241 saab 
2 21 0.247231 
12 7 0.351832 
6 26 0.207096 
3 17 0.335147 van 
28 6 0.241583 opel 
28 0 0.3606 bus 
29 12 0.325171 
16 13 0.333352 
19 18 0.221627 
11 16 0.379032 
18 28 0.330861 
12 21 0.258387 
7 5 0.21895 van 
15 3 0.458567 
29 15 0.190231 saab 
8 23 0.351439 
11 4 0.191916 
29 0 0.467118 bus 
29 14 0.27504 
23 8 0.246548 
24 11 0.292095 saab 
29 1 0.382724 bus 
28 29 0.337505 opel 
0 4 0.137493 bus 
17 0 0.615775 saab 
27 29 0.336481 saab 
2 25 0.401299 
18 28 0.35448 
29 26 0.256877 
21 3 0.231837 saab 
4 27 0.308079 saab 
19 11 0.224509 
20 1 0.154614 
8 29 0.150656 bus 
0 4 0.425826 bus 
16 3 0.392241 
10 1 0.220152 
19 17 0.313602 saab 
29 17 0.594594 saab 
8 18 0.136072 van 
5 7 0.493934 
29 11 0.305998 opel 
17 5 0.292349 
4 2 0.216687 saab 
24 6 0.262954 opel 
22 10 0.326686 
22 29 0.62164 van 
10 15 0.298721 
5 7 0.400099 
0 0 0.353536 saab 
19 20 0.283073 
19 20 0.179924 
29 27 0.28095 
26 11 0.238502 
29 9 0.230148 
12 27 0.371908 bus 
8 13 0.233881 van 
9 19 0.304711 bus 
8 28 0.120641 bus 
5 0 0.314386 opel 
14 15 0.390154 
18 0 0.509718 opel 
0 0 0.330115 saab 
17 19 0.166866 
9 27 0.172404 
5 21 0.351971 opel 
25 5 0.345041 
25 16 0.217106 
29 0 0.652603 bus 
29 28 0.247439 saab 
2 8 0.385873 
5 25 0.553079 opel 
2 9 0.321557 van 
25 14 0.246497 
27 23 0.293057 
9 20 0.436674 
2 0 0.340443 opel 
15 11 0.449007 saab 
21 0 0.186091 saab 
0 16 0.230828 van 
27 13 0.246715 
2 3 0.354349 bus 
17 29 0.32691 
0 29 0.384245 opel 
11 3 0.212191 
2 17 0.412111 
26 10 0.237215 saab 
16 20 0.274777 
23 23 0.310458 
0 6 0.28752 van 
23 1 0.247468 opel 
28 28 0.333997 opel 
11 8 0.321153 
12 29 0.243196 bus 
26 20 0.319746 
12 21 0.326214 
0 10 0.251012 van 
10 8 0.241344 
0 20 0.376415 saab 
2 13 0.280367 
8 27 0.257039 
11 2 0.293828 
13 4 0.285504 opel 
19 23 0.109806 van 
14 0 0.501942 saab 
28 27 0.178626 
20 15 0.286847 
3 4 0.360756 
3 4 0.428698 
11 29 0.181335 bus 
10 29 0.180783 bus 
16 5 0.238713 
4 24 0.402587 van 
1 3 0.301823 saab 
7 29 0.2422 bus 
29 1 0.301298 bus 
0 26 0.195137 saab 
28 14 0.247848 
2 17 0.186511 
22 29 0.618976 van 
18 28 0.266645 
22 7 0.242566 saab 
0 8 0.290749 opel 
22 24 0.360468 van 
0 28 0.206217 van 
1 2 0.215764 
19 3 0.286433 saab 
24 10 0.229885 
20 8 0.247528 
29 15 0.333022 saab 
0 8 0.243414 opel 
23 0 0.295467 
24 0 0.214617 opel 
4 26 0.295332 
12 28 0.180276 
0 6 0.515338 van 
15 29 0.330056 bus 
29 28 0.338521 saab 
23 12 0.187357 
12 25 0.208181 
0 6 0.423015 van 
0 28 0.202988 van 
3 25 0.319487 
6 7 0.295178 
19 7 0.293511 bus 
22 0 0.297472 opel 
9 23 0.126279 
17 20 0.192468 
8 29 0.240391 bus 
14 11 0.384967 
5 4 0.323516 
19 0 0.289094 saab 
26 10 0.1698 saab 
8 19 0.320499 opel 
27 16 0.200787 saab 
15 9 0.362914 saab 
24 9 0.21069 
23 17 0.241984 
29 0 0.373621 bus 
2 2 0.31019 opel 
2 4 0.254137 
6 14 0.327346 
21 24 0.262741 van 
11 28 0.181634 
27 15 0.18834 
26 27 0.371634 
