3 hexa 10 10 bubble
6 8 0.379768 van 
6 2 0.27895 bus 
0 8 0.395203 van 
1 8 0.391388 saab 
3 9 0.274383 bus 
8 9 0.345604 saab 
7 9 0.494588 opel 
0 9 0.367932 saab 
9 6 0.57667 saab 
9 9 0.786704 opel 
0 8 0.543958 van 
2 9 0.202638 bus 
3 4 0.289192 van 
3 9 0.31151 bus 
9 7 0.66197 saab 
8 9 0.374768 saab 
7 7 0.458376 opel 
2 9 0.239814 bus 
2 0 0.456604 saab 
3 0 0.270181 bus 
9 9 0.550917 opel 
8 9 0.402139 saab 
0 6 0.432228 saab 
4 9 0.367532 bus 
2 9 0.329136 bus 
2 1 0.427476 opel 
9 3 0.674574 saab 
7 4 0.375961 bus 
1 6 0.277303 saab 
7 2 0.354992 bus 
0 9 0.40821 saab 
9 7 0.431306 saab 
8 1 0.21273 opel 
9 9 0.241827 opel 
8 5 0.283299 opel 
3 6 0.448253 bus 
1 7 0.325851 van 
4 1 0.415784 saab 
4 9 0.33962 bus 
9 7 0.393825 saab 
5 4 0.279816 opel 
8 9 0.439864 saab 
2 9 0.314154 bus 
6 4 0.213838 van 
5 8 1.17462 van 
0 0 0.396837 van 
5 3 0.233996 van 
9 7 0.436655 saab 
1 1 0.580068 bus 
9 9 0.944852 opel 
2 6 0.265896 opel 
8 9 0.296034 saab 
1 6 0.34214 saab 
5 8 0.334776 van 
0 6 0.503662 saab 
2 9 0.288007 bus 
0 4 0.364331 van 
4 0 0.874023 bus 
3 7 0.184508 bus 
9 9 0.429413 opel 
0 6 0.387854 saab 
9 7 0.253156 saab 
0 0 0.432143 van 
0 8 0.348696 van 
2 9 0.273274 bus 
4 3 0.397476 van 
6 0 0.28245 saab 
3 4 0.559444 van 
8 9 0.571311 saab 
8 9 0.385873 saab 
4 3 0.321889 van 
9 7 0.348751 saab 
8 9 0.206754 saab 
9 7 0.27337 saab 
6 4 0.509501 van 
0 2 0.236319 van 
7 0 0.408894 saab 
7 4 0.296446 bus 
9 3 0.30611 saab 
3 4 0.363121 van 
3 5 0.217014 opel 
9 7 0.395373 saab 
3 4 0.443113 van 
2 2 0.355542 bus 
1 5 0.512536 opel 
9 9 0.888328 opel 
6 4 0.250532 van 
1 0 0.480319 opel 
9 9 0.423498 opel 
5 3 0.246463 van 
0 0 0.516274 van 
0 3 0.376876 saab 
7 0 0.54279 saab 
0 3 0.343245 saab 
1 5 0.333571 opel 
8 9 0.412293 saab 
6 1 0.399532 opel 
1 9 0.229373 bus 
3 5 0.422289 opel 
0 0 0.516839 van 
8 5 0.40764 opel 
9 9 0.520553 opel 
8 9 0.317804 saab 
4 5 0.315518 van 
9 9 0.404541 opel 
5 8 0.314421 van 
6 5 0.230477 
0 8 0.520935 van 
9 9 0.40881 opel 
5 8 0.360535 van 
3 5 0.326948 opel 
5 7 0.310348 van 
7 0 0.453799 saab 
3 3 0.387361 van 
5 2 0.449654 van 
5 9 0.327486 van 
9 7 0.3634 saab 
3 5 0.205517 opel 
3 7 0.218627 bus 
5 0 0.333388 saab 
0 5 0.11193 opel 
9 9 0.396201 opel 
5 3 0.466881 van 
2 9 0.263477 bus 
5 7 0.347945 van 
4 9 0.383693 bus 
9 9 0.300229 opel 
9 7 0.665033 saab 
2 9 0.234002 bus 
9 9 0.78935 opel 
2 3 0.15834 van 
8 2 0.260381 bus 
9 7 0.331987 saab 
1 0 0.556798 opel 
6 4 0.263174 van 
2 9 0.263153 bus 
9 9 0.312227 opel 
2 4 0.290787 opel 
3 9 0.244089 bus 
5 3 0.306038 van 
4 0 0.295049 bus 
0 6 0.472455 saab 
9 9 0.789333 opel 
9 9 0.298968 opel 
0 3 0.408362 saab 
3 8 0.243457 bus 
9 7 0.283636 saab 
0 2 0.415192 van 
0 4 0.329631 van 
3 0 0.689234 bus 
3 3 0.27486 van 
0 6 0.375905 saab 
5 5 0.356659 opel 
9 5 0.492086 saab 
9 4 0.372629 saab 
3 8 0.190426 bus 
1 8 0.299748 saab 
6 5 0.327834 
8 0 0.364845 opel 
9 8 0.450015 opel 
3 9 0.296383 bus 
0 9 0.317653 saab 
9 6 0.332263 saab 
8 4 0.262925 bus 
9 7 0.75717 saab 
9 9 0.610251 opel 
8 9 0.192387 saab 
8 5 0.289478 opel 
0 8 0.447774 van 
5 9 0.356568 van 
9 9 0.374311 opel 
4 3 0.278498 van 
1 9 0.278264 bus 
9 7 0.482706 saab 
9 7 0.402776 saab 
8 9 0.536385 saab 
7 0 0.396864 saab 
5 7 0.399431 van 
7 5 0.350962 saab 
9 6 0.40058 saab 
8 5 0.397728 opel 
9 9 0.299216 opel 
4 3 0.27039 van 
4 3 0.376237 van 
6 2 0.490817 bus 
5 6 0.248841 van 
7 6 0.417134 saab 
0 8 0.446908 van 
0 0 0.587578 van 
3 0 0.306291 bus 
7 6 0.372943 saab 
3 6 0.324658 bus 
3 7 0.302916 bus 
7 0 0.545025 saab 
0 8 0.525818 van 
0 0 0.636954 van 
9 9 0.345065 opel 
5 9 0.322282 van 
0 4 0.444889 van 
5 1 0.49565 
0 7 0.315063 saab 
3 9 0.203378 bus 
9 9 0.656567 opel 
0 0 0.573224 van 
3 2 0.293328 bus 
2 0 0.343423 saab 
5 4 0.411279 opel 
5 0 0.249287 saab 
0 8 0.328854 van 
5 9 0.383896 van 
3 2 0.35914 bus 
9 9 0.832868 opel 
0 0 0.372461 van 
2 0 0.687309 saab 
9 0 0.404619 saab 
3 0 0.394982 bus 
9 5 0.712994 saab 
7 9 0.446439 opel 
3 5 0.270943 opel 
5 6 0.241541 van 
9 9 0.391941 opel 
2 3 0.402123 van 
0 4 0.369371 van 
7 9 0.438571 opel 
8 3 0.354031 saab 
9 1 0.592642 opel 
9 5 0.383444 saab 
0 9 0.421945 saab 
7 9 0.270996 opel 
9 6 0.813009 saab 
6 1 0.304589 opel 
3 4 0.564536 van 
9 3 0.497606 saab 
7 4 0.430978 bus 
1 5 0.434621 opel 
9 9 0.274288 opel 
8 7 0.387866 saab 
2 4 0.193765 opel 
1 5 0.309172 opel 
3 0 0.369686 bus 
9 9 0.605665 opel 
2 9 0.167466 bus 
1 9 0.239383 bus 
8 9 0.423862 saab 
3 4 0.543921 van 
0 0 0.555544 van 
2 8 0.275671 saab 
3 4 0.204383 van 
4 3 0.366331 van 
9 7 0.492345 saab 
9 0 0.480408 saab 
3 6 0.312999 bus 
9 5 0.245266 saab 
9 7 0.435409 saab 
5 6 0.381767 van 
5 5 0.499526 opel 
0 5 0.347474 opel 
1 0 0.33242 opel 
9 6 0.396072 saab 
5 6 0.268478 van 
5 3 0.396271 van 
0 9 0.41883 saab 
9 9 0.535896 opel 
6 4 0.28001 van 
0 0 0.629426 van 
4 6 0.270788 van 
2 6 0.334457 opel 
2 4 0.237855 opel 
7 3 0.363385 opel 
0 3 0.297418 saab 
3 0 0.431311 bus 
0 0 0.340159 van 
9 1 0.588973 opel 
3 4 0.220103 van 
5 4 0.250183 opel 
5 4 0.158834 opel 
9 7 0.532857 saab 
0 8 0.564163 van 
0 8 0.383234 van 
3 2 0.373514 bus 
3 0 0.318769 bus 
9 9 0.487435 opel 
3 2 0.320598 bus 
