3 hexa 10 10 bubble
7 0 0.51066 saab 
2 9 0.297874 bus 
0 6 0.644847 van 
9 0 0.664157 opel 
4 1 0.439898 van 
5 4 0.354038 bus 
7 7 0.412096 saab 
5 8 0.287552 van 
2 7 0.231782 bus 
9 4 0.597409 opel 
4 0 0.509929 bus 
2 3 0.409938 opel 
1 9 0.298095 bus 
9 1 0.56667 opel 
3 9 0.278933 bus 
2 9 0.269675 bus 
9 5 0.466464 saab 
7 9 0.271585 opel 
8 9 0.253515 opel 
1 9 0.280554 bus 
8 9 0.454367 opel 
6 0 0.443746 opel 
7 6 0.345212 opel 
2 9 0.312107 bus 
0 8 0.518401 van 
0 6 0.480858 van 
3 0 0.386714 van 
3 0 0.510648 van 
7 9 0.341178 opel 
5 4 0.245463 bus 
4 1 0.297898 van 
5 5 0.346223 saab 
5 7 0.294296 opel 
9 8 0.435619 opel 
4 7 0.538894 van 
0 6 0.492445 van 
2 3 0.29636 opel 
8 0 0.736912 saab 
7 9 0.508028 opel 
9 9 0.784872 bus 
6 3 0.317784 opel 
3 4 0.531533 bus 
5 8 0.333068 van 
2 8 0.326539 
2 1 0.268156 bus 
2 0 0.439789 bus 
7 6 0.291083 opel 
6 6 1.41846 
1 0 0.560643 van 
0 0 0.323205 van 
3 9 0.340085 bus 
2 9 0.284383 bus 
9 5 0.435558 saab 
7 7 0.383259 saab 
1 7 0.592078 van 
1 4 0.359081 saab 
9 6 0.486736 saab 
8 9 0.618915 opel 
8 0 0.365861 saab 
3 4 0.351012 bus 
4 6 0.361457 van 
8 9 0.320459 opel 
8 5 0.332291 saab 
1 9 0.23786 bus 
7 7 0.330855 saab 
1 3 0.379886 opel 
8 3 0.450475 
0 6 0.433867 van 
4 8 1.39134 van 
3 9 1.26622 bus 
9 5 0.327636 saab 
8 4 0.468522 saab 
1 8 0.245861 saab 
2 7 0.258882 bus 
3 9 0.146381 bus 
0 8 0.353225 van 
2 0 0.325861 bus 
0 2 0.247233 van 
2 3 0.220209 opel 
0 6 0.478692 van 
4 3 0.444796 van 
7 6 0.385605 opel 
3 5 0.475944 opel 
8 3 0.390955 
8 6 0.267525 saab 
3 1 0.336427 
7 9 0.300952 opel 
5 8 0.281451 van 
0 8 0.549234 van 
2 0 0.357101 bus 
2 0 0.423461 bus 
9 0 0.297917 opel 
9 5 0.752556 saab 
1 9 0.250108 bus 
7 4 0.407714 saab 
3 8 0.247377 bus 
9 7 0.162204 opel 
4 6 0.313034 van 
6 0 0.284542 opel 
1 0 0.397436 van 
0 0 0.471419 van 
6 7 0.35036 opel 
1 3 0.35172 opel 
8 9 0.372035 opel 
4 9 0.246769 van 
3 4 0.255293 bus 
5 3 0.518902 saab 
9 3 0.407567 saab 
7 5 0.283714 saab 
1 9 0.224435 bus 
3 6 0.155316 bus 
9 6 0.491489 saab 
7 5 0.341575 saab 
8 6 0.343898 saab 
0 6 0.872691 van 
9 0 0.250754 opel 
1 0 0.548926 van 
0 0 0.443935 van 
3 0 0.421007 van 
5 2 0.313803 van 
6 5 0.385619 opel 
0 4 0.877248 van 
2 9 0.29936 bus 
8 9 0.42249 opel 
7 9 0.528149 opel 
7 6 0.254432 opel 
4 9 0.304127 van 
0 8 0.419639 van 
3 5 0.296605 opel 
9 7 0.454473 opel 
8 0 0.568485 saab 
3 0 0.258782 van 
9 9 0.694748 bus 
2 9 0.266599 bus 
6 1 0.413575 bus 
0 8 0.488634 van 
9 0 0.498505 opel 
5 8 0.273769 van 
8 6 0.363779 saab 
4 1 0.410255 van 
6 6 1.33687 
2 3 0.302636 opel 
9 8 0.562573 opel 
4 9 0.366898 van 
5 8 0.260335 van 
0 6 0.422824 van 
0 0 0.439188 van 
2 0 0.42103 bus 
0 6 0.222514 van 
2 2 0.180404 bus 
4 8 0.318093 van 
0 5 0.5504 saab 
0 8 0.403815 van 
7 0 0.506091 saab 
7 0 0.355157 saab 
2 9 0.250583 bus 
0 8 0.548824 van 
9 7 0.563809 opel 
6 7 0.370745 opel 
9 1 0.61494 opel 
9 9 0.735506 bus 
9 3 0.504222 saab 
9 9 0.807035 bus 
0 6 0.530548 van 
4 9 0.348406 van 
9 7 0.493678 opel 
4 3 0.509573 van 
1 5 0.358529 opel 
3 4 0.45542 bus 
8 9 0.417151 opel 
2 6 0.336217 van 
7 7 0.518259 saab 
5 0 0.29615 bus 
1 9 0.227452 bus 
4 6 0.205948 van 
2 2 0.303556 bus 
9 3 0.616291 saab 
4 9 0.232119 van 
0 0 0.218102 van 
2 5 0.50379 saab 
2 9 0.30941 bus 
3 9 0.336531 bus 
3 9 0.25566 bus 
2 3 0.33368 opel 
0 3 0.319219 van 
7 3 0.608393 bus 
7 5 0.267356 saab 
8 8 0.333345 saab 
2 9 0.364992 bus 
7 0 0.296386 saab 
8 8 0.294771 saab 
9 5 0.601117 saab 
7 9 0.392242 opel 
7 8 0.320265 bus 
1 9 0.220947 bus 
9 2 0.38239 saab 
7 9 0.170104 opel 
3 6 0.552341 bus 
1 4 0.347175 saab 
0 6 0.786766 van 
0 2 0.448481 van 
3 0 0.297337 van 
9 9 0.405254 bus 
9 7 0.22011 opel 
1 9 0.228555 bus 
0 8 0.358228 van 
6 5 0.445211 opel 
3 8 0.275334 bus 
9 5 0.576489 saab 
0 0 0.716789 van 
0 4 0.551114 van 
1 0 0.440373 van 
8 7 0.509251 saab 
9 9 0.232915 bus 
7 4 0.419314 saab 
3 5 0.464836 opel 
7 7 0.45006 saab 
6 4 0.454508 opel 
7 9 0.37905 opel 
1 9 0.157967 bus 
7 0 0.333175 saab 
4 8 0.305783 van 
3 3 0.268174 bus 
9 0 0.553141 opel 
0 8 0.330223 van 
0 4 0.597657 van 
6 3 0.4776 opel 
4 4 0.357745 van 
7 9 0.418748 opel 
5 3 0.265606 saab 
4 0 0.424103 bus 
9 3 0.743843 saab 
3 3 0.340934 bus 
5 2 0.295978 van 
3 3 0.414517 bus 
4 6 0.403858 van 
5 8 0.293941 van 
2 9 0.196322 bus 
1 6 0.13172 opel 
0 8 0.348085 van 
3 5 0.215009 opel 
9 5 0.559076 saab 
0 8 0.539893 van 
0 6 0.563486 van 
1 1 0.318823 
2 2 0.403713 bus 
3 2 0.380335 bus 
2 2 0.409781 bus 
3 4 0.254614 bus 
0 3 0.217566 van 
1 9 0.291958 bus 
3 8 0.32322 bus 
4 6 0.338969 van 
6 4 0.632162 opel 
1 9 0.226048 bus 
9 7 0.415607 opel 
0 6 0.494654 van 
7 9 0.32447 opel 
9 7 0.244414 opel 
8 3 0.687033 
4 6 0.172147 van 
7 0 0.500729 saab 
3 4 0.19358 bus 
4 0 0.390265 bus 
9 8 0.21475 opel 
3 1 0.51 
0 4 0.415397 van 
9 9 0.66606 bus 
0 8 0.474136 van 
6 5 0.330596 opel 
0 0 0.441741 van 
7 0 0.339965 saab 
2 0 0.352909 bus 
0 3 0.551476 van 
2 9 0.182085 bus 
4 7 0.284757 van 
9 3 0.613552 saab 
9 6 0.41357 saab 
0 6 0.604522 van 
3 3 0.345309 bus 
9 3 0.439192 saab 
0 6 0.403564 van 
4 9 0.293011 van 
7 6 0.286614 opel 
8 0 0.385998 saab 
