3 hexa 20 20 bubble
13 4 0.343509 
4 19 0.285716 van 
19 0 0.608449 bus 
11 14 0.404922 van 
0 10 0.417192 van 
16 12 0.408816 opel 
9 6 0.331997 van 
5 17 0.317985 
14 15 0.315162 
0 7 0.294431 van 
14 6 0.37743 opel 
5 1 0.255543 
0 12 0.25206 opel 
9 0 0.281929 
19 9 0.300514 opel 
5 19 0.376474 van 
0 8 0.482012 van 
2 6 0.354353 opel 
2 0 0.371652 saab 
4 14 0.260709 bus 
8 7 0.287958 van 
13 9 0.351684 opel 
14 6 0.409219 opel 
3 6 0.278301 saab 
19 4 0.377915 opel 
7 19 0.25717 opel 
4 2 0.307927 
16 8 0.274005 opel 
9 11 0.300661 van 
7 4 0.205518 bus 
15 19 0.462451 opel 
0 10 0.417986 van 
15 11 0.38516 opel 
10 17 0.351627 
3 6 0.430559 saab 
0 19 0.429907 opel 
2 9 0.324254 van 
5 15 0.269387 van 
5 11 0.306707 van 
9 9 0.389421 bus 
13 6 0.348142 
10 10 0.347338 
2 0 0.378179 saab 
9 6 0.275992 van 
12 19 0.425352 saab 
8 14 0.30571 
19 13 0.357555 saab 
6 0 0.257722 bus 
13 17 0.358243 saab 
0 2 0.653933 van 
0 0 0.354749 van 
18 4 0.384613 opel 
1 2 0.448784 
6 3 0.300791 bus 
4 10 0.285863 van 
6 18 0.252826 van 
6 6 0.267643 
1 10 0.180962 van 
3 18 0.261312 opel 
13 12 0.31541 
14 6 0.287704 opel 
14 9 0.201277 opel 
5 17 0.4611 
19 11 0.237819 saab 
7 19 0.426311 opel 
10 7 0.375435 opel 
19 7 0.189555 opel 
18 9 0.322591 opel 
10 4 0.232428 van 
13 7 0.343211 bus 
7 13 0.266983 bus 
8 17 0.504868 bus 
2 0 0.287042 saab 
14 4 0.273334 
2 15 0.473226 bus 
0 16 0.556078 opel 
14 1 0.233355 saab 
14 4 0.383898 
3 16 0.381735 
16 7 0.378677 opel 
5 10 0.220612 van 
5 0 0.163985 bus 
8 4 0.324439 bus 
13 5 0.431717 opel 
11 1 1.63174 van 
10 15 0.484986 bus 
11 11 0.283194 opel 
4 16 0.368935 van 
7 0 0.204391 bus 
11 17 0.351056 
4 1 0.221925 bus 
0 11 0.242065 opel 
15 19 0.371412 opel 
13 5 0.348521 opel 
0 0 0.271585 van 
0 0 0.239246 van 
17 0 0.461322 bus 
7 0 0.240163 bus 
14 17 0.300499 
19 1 0.262627 bus 
14 8 0.389769 saab 
1 3 0.259734 van 
0 8 0.500675 van 
0 19 0.349323 opel 
0 17 0.549788 opel 
7 17 0.707021 van 
12 7 0.388167 saab 
2 5 0.436683 opel 
2 15 0.516629 bus 
15 5 0.315877 saab 
6 0 0.266092 bus 
18 9 0.349876 opel 
1 6 0.268673 
10 19 0.277194 
4 2 0.233894 
3 6 0.33967 saab 
19 4 0.236181 opel 
19 1 0.418927 bus 
19 15 0.539615 saab 
12 7 0.484182 saab 
10 6 0.17274 van 
2 11 0.372382 
6 5 0.354025 bus 
5 9 0.241337 opel 
9 18 0.220611 bus 
15 15 0.276943 
19 13 0.249739 saab 
3 2 0.38872 van 
10 13 0.18709 van 
19 0 0.655579 bus 
19 9 0.276561 opel 
15 4 0.249335 opel 
16 6 0.315201 
19 0 0.413908 bus 
15 19 0.35282 opel 
0 19 0.128878 opel 
17 12 0.669214 
14 19 0.431368 saab 
1 4 0.383375 saab 
6 6 0.324489 
17 19 0.312613 saab 
17 8 0.220425 saab 
2 3 0.308415 saab 
14 6 0.269118 opel 
17 9 0.188099 saab 
4 0 0.180495 bus 
0 19 0.468293 opel 
15 13 0.376331 saab 
11 14 0.256154 van 
12 4 0.283608 
19 13 0.654212 saab 
4 9 0.168093 van 
6 19 0.452915 van 
16 0 0.510867 
15 10 0.280422 saab 
2 15 0.219021 bus 
16 5 0.313145 opel 
14 5 0.33703 
11 2 0.832478 
2 12 0.266903 opel 
6 19 0.363045 van 
0 14 0.393879 saab 
10 4 0.306344 van 
10 4 0.189125 van 
17 19 0.292333 saab 
15 3 0.357549 saab 
15 0 0.268576 opel 
9 0 0.298051 
3 15 0.133378 bus 
0 12 0.328113 opel 
4 1 0.149834 bus 
12 19 0.329034 saab 
0 13 0.463749 van 
17 12 0.55375 
0 16 0.360225 opel 
10 4 0.223684 van 
5 0 0.193987 bus 
3 6 0.407555 saab 
16 3 0.398541 saab 
18 11 0.25488 saab 
19 0 0.750505 bus 
16 19 0.296003 saab 
3 17 0.362983 opel 
3 4 0.567709 van 
5 19 0.348091 van 
18 7 0.238323 
19 19 0.290661 saab 
0 12 0.437021 opel 
0 18 0.469714 saab 
15 16 0.316724 saab 
18 9 0.11797 opel 
0 9 0.337101 saab 
19 15 0.418151 saab 
1 18 0.434024 
6 6 0.261723 
0 0 0.456376 van 
11 15 0.2011 opel 
2 9 0.42672 van 
15 3 0.310705 saab 
7 8 0.25542 
10 4 0.393757 van 
1 19 0.32231 saab 
19 6 0.310154 opel 
15 17 0.33843 
9 19 0.322242 bus 
6 0 0.249163 bus 
17 15 0.294839 
5 7 0.273808 opel 
3 19 0.360922 van 
9 19 0.305581 bus 
0 8 0.390335 van 
4 15 0.350923 van 
5 2 0.245192 bus 
9 12 0.267657 saab 
12 14 0.287214 van 
9 5 0.133253 van 
14 14 0.482675 
16 19 0.260023 saab 
17 18 0.370785 
3 16 0.407445 
11 19 0.435123 saab 
6 0 0.204688 bus 
6 0 0.201752 bus 
14 11 0.261222 
2 5 0.417289 opel 
0 15 0.284721 saab 
4 1 0.26498 bus 
19 0 0.359109 bus 
0 2 0.261389 van 
19 15 0.398682 saab 
1 9 0.238599 
11 2 0.818604 
7 5 0.306637 
15 5 0.272392 saab 
2 19 0.346095 van 
7 6 0.415942 van 
0 0 0.263324 van 
0 16 0.145521 opel 
16 9 0.264143 saab 
15 2 0.223179 opel 
14 7 0.238297 opel 
19 11 0.316337 saab 
2 19 0.281128 van 
19 9 0.276143 opel 
19 5 0.170915 opel 
1 3 0.308877 van 
7 0 0.194308 bus 
0 19 0.500861 opel 
5 3 0.297961 bus 
16 19 0.365922 saab 
14 3 0.221447 bus 
8 0 0.238308 bus 
0 18 0.352893 saab 
0 0 0.26751 van 
2 4 0.315392 van 
9 19 0.29257 bus 
14 7 0.342971 opel 
19 9 0.293443 opel 
4 5 0.127414 van 
9 6 0.234549 van 
4 0 0.265005 bus 
12 19 0.436898 saab 
7 19 0.346927 opel 
18 11 0.255357 saab 
15 1 0.23831 saab 
1 12 0.368044 
19 11 0.179489 saab 
13 8 0.461074 bus 
15 2 0.218773 opel 
14 1 0.314718 saab 
19 0 0.560189 bus 
0 17 0.387548 opel 
2 16 0.314181 saab 
4 12 0.326493 
9 4 0.289 van 
6 0 0.197241 bus 
19 13 0.273595 saab 
16 19 0.479343 saab 
