3 hexa 5 5 bubble
2 4 0.486082 bus 
4 0 0.386007 bus 
4 3 0.783883 van 
0 4 0.731961 opel 
2 4 0.501974 bus 
2 2 0.371653 saab 
0 0 0.425546 saab 
2 1 0.311178 van 
3 1 0.23086 bus 
0 2 0.675727 saab 
2 4 0.582339 bus 
2 3 0.413051 bus 
4 0 0.360495 bus 
0 3 0.676554 saab 
3 0 0.357876 bus 
4 0 0.373853 bus 
0 0 0.54702 saab 
0 0 0.351848 saab 
0 0 0.296207 saab 
4 0 0.34444 bus 
0 0 0.53566 saab 
1 4 0.451419 bus 
1 0 0.376627 opel 
4 0 0.390406 bus 
4 1 0.695897 van 
4 1 0.586313 van 
3 4 0.448154 bus 
2 4 0.536128 bus 
0 0 0.46009 saab 
2 2 0.230536 saab 
2 4 0.344837 bus 
2 2 0.360531 saab 
2 2 0.307132 saab 
0 0 0.455646 saab 
2 1 0.54284 van 
4 1 0.659533 van 
3 3 0.300068 bus 
1 4 0.769105 bus 
1 0 0.499195 opel 
0 0 0.972482 saab 
0 3 0.340836 saab 
4 3 0.505542 van 
2 1 0.385772 van 
4 0 0.322835 bus 
3 4 0.267619 bus 
3 4 0.577546 bus 
0 1 0.319754 saab 
2 0 1.45496 van 
3 4 0.693545 bus 
4 4 0.418963 van 
3 0 0.377228 bus 
4 0 0.375606 bus 
0 0 0.509763 saab 
0 0 0.377029 saab 
4 0 0.585972 bus 
4 2 0.343445 saab 
0 0 0.499687 saab 
0 0 0.763931 saab 
0 4 0.39511 opel 
2 3 0.364608 bus 
2 1 0.424451 van 
0 0 0.359702 saab 
0 2 0.397201 saab 
4 0 0.344478 bus 
0 0 0.337487 saab 
3 3 0.405948 bus 
0 3 0.517903 saab 
4 1 0.504272 van 
3 0 1.41559 bus 
3 0 1.2758 bus 
0 0 0.408321 saab 
0 2 0.532346 saab 
4 0 0.308562 bus 
4 0 0.278007 bus 
3 0 0.207476 bus 
4 1 0.427215 van 
3 4 0.403062 bus 
4 4 0.344903 van 
3 3 0.232914 bus 
4 1 0.590921 van 
2 3 0.50323 bus 
0 2 0.400627 saab 
2 2 0.470883 saab 
0 2 0.443762 saab 
0 1 0.294229 saab 
3 4 0.383597 bus 
1 0 0.356366 opel 
2 0 0.350148 van 
4 1 0.663262 van 
3 4 0.442095 bus 
3 4 0.486537 bus 
0 3 0.290151 saab 
0 0 0.814452 saab 
4 0 0.367991 bus 
1 2 0.431846 opel 
3 0 0.272752 bus 
0 0 0.198075 saab 
3 2 0.350872 bus 
1 4 0.310959 bus 
4 4 0.462594 van 
4 4 0.625807 van 
1 2 0.337252 opel 
4 4 0.35617 van 
0 0 0.452957 saab 
2 1 0.312503 van 
2 3 0.282155 bus 
1 3 0.563992 bus 
0 2 0.456075 saab 
0 2 0.303113 saab 
4 0 0.354516 bus 
3 1 0.181828 bus 
0 0 0.529518 saab 
0 2 0.376207 saab 
0 0 0.384949 saab 
4 1 0.983897 van 
0 4 0.302841 opel 
4 4 0.603205 van 
4 4 0.54866 van 
3 4 0.481832 bus 
2 4 0.353023 bus 
0 3 0.445891 saab 
4 3 0.914652 van 
3 0 0.350484 bus 
0 0 0.450546 saab 
1 0 0.545219 opel 
0 2 0.251552 saab 
2 1 0.432237 van 
4 1 0.598012 van 
3 2 0.293075 bus 
0 0 0.476935 saab 
0 4 0.622834 opel 
3 4 0.354178 bus 
0 0 0.869012 saab 
4 0 0.319426 bus 
1 4 0.435895 bus 
4 0 0.637428 bus 
0 3 0.496851 saab 
2 1 0.369517 van 
0 1 0.388113 saab 
2 4 0.469959 bus 
2 0 1.38128 van 
3 3 0.31796 bus 
0 0 0.574682 saab 
2 1 0.459189 van 
2 1 0.300662 van 
4 1 0.454545 van 
4 4 0.522578 van 
3 4 0.52505 bus 
4 1 0.353207 van 
3 4 0.174892 bus 
3 0 0.387638 bus 
4 1 0.581373 van 
4 1 0.586705 van 
1 4 0.565135 bus 
1 4 0.388687 bus 
4 0 0.2966 bus 
4 1 0.704614 van 
0 0 0.610806 saab 
1 2 0.380372 opel 
1 2 0.620954 opel 
0 0 0.912815 saab 
0 2 0.621113 saab 
0 0 0.998409 saab 
4 1 0.635823 van 
3 0 0.435115 bus 
0 0 0.566052 saab 
2 3 0.569346 bus 
4 2 0.351064 saab 
2 3 0.450503 bus 
0 0 0.491992 saab 
3 1 0.339162 bus 
0 0 0.538999 saab 
2 4 0.350593 bus 
4 0 0.338018 bus 
2 1 0.255785 van 
3 3 0.290258 bus 
0 2 0.665109 saab 
2 1 0.322675 van 
4 4 0.340811 van 
3 2 0.519047 bus 
4 0 0.407822 bus 
3 0 0.365141 bus 
3 0 0.313549 bus 
3 3 0.343431 bus 
4 3 0.32674 van 
0 3 0.656184 saab 
0 2 0.330502 saab 
0 0 0.347534 saab 
4 0 0.438065 bus 
1 4 0.295997 bus 
0 0 0.289895 saab 
0 0 0.714556 saab 
0 0 0.50733 saab 
1 0 0.336048 opel 
4 0 0.329489 bus 
0 3 0.42355 saab 
0 0 0.252731 saab 
3 1 0.539806 bus 
4 2 0.382426 saab 
4 1 0.956856 van 
4 3 0.506062 van 
3 4 0.341768 bus 
0 0 0.489878 saab 
0 0 0.248866 saab 
4 0 0.299617 bus 
4 1 0.450541 van 
0 3 0.457483 saab 
4 0 0.316923 bus 
0 0 0.635608 saab 
4 3 0.784053 van 
4 3 0.685548 van 
4 4 0.570704 van 
0 0 0.508511 saab 
0 0 0.33311 saab 
0 3 0.411917 saab 
3 2 0.488453 bus 
0 1 0.480895 saab 
0 3 0.48154 saab 
0 0 0.458063 saab 
4 0 0.210037 bus 
1 4 0.350272 bus 
3 0 0.364406 bus 
3 3 0.296038 bus 
0 4 0.630703 opel 
4 1 0.507677 van 
4 3 0.630969 van 
1 3 0.544454 bus 
3 2 0.403613 bus 
0 0 0.478513 saab 
1 3 0.274308 bus 
2 4 0.456419 bus 
0 2 0.796582 saab 
2 3 0.347865 bus 
1 3 0.338129 bus 
2 3 0.408106 bus 
2 1 0.390812 van 
2 1 0.402293 van 
4 0 0.268183 bus 
4 1 0.179057 van 
4 1 0.443742 van 
3 2 0.228957 bus 
0 0 0.668779 saab 
4 1 0.716274 van 
4 1 0.647398 van 
3 4 0.345405 bus 
4 4 0.4125 van 
3 3 0.381568 bus 
3 3 0.397809 bus 
2 3 0.262489 bus 
4 3 0.211492 van 
4 0 0.396598 bus 
3 1 0.357219 bus 
3 2 0.387583 bus 
2 2 0.674875 saab 
4 0 0.339375 bus 
0 0 0.444676 saab 
4 1 0.656881 van 
0 0 0.3853 saab 
0 0 0.288447 saab 
0 4 0.739882 opel 
2 1 0.225981 van 
1 4 0.514155 bus 
3 2 0.215434 bus 
2 4 0.479275 bus 
0 0 0.278296 saab 
2 4 0.518848 bus 
4 3 0.449006 van 
0 0 0.832502 saab 
4 1 0.647683 van 
0 3 0.335358 saab 
4 4 0.646054 van 
1 4 0.375887 bus 
3 4 0.413004 bus 
4 3 0.583637 van 
4 0 0.233462 bus 
2 1 0.275465 van 
0 2 0.650572 saab 
0 0 0.421553 saab 
4 1 0.638179 van 
2 3 0.352316 bus 
0 2 0.46038 saab 
4 1 0.531324 van 
2 1 0.337796 van 
0 1 0.319559 saab 
1 4 0.417794 bus 
