	"TrainRMSE",		"ValidRMSE",		"TestRMSE"
M1	0.00405789438957465,	0.0060037991796675,	0.0048107133412337
M2	0.00362463448326727,	0.00569446695546777,	0.00458645101026672
M3	0.00339777451837281,	0.00563732940989827,	0.00457679849899311
M4	0.00290889839449745,	0.00459561246335562,	0.00450557916459781
M5	0.00583429097612119,	0.00746403394530759,	0.00609383535049173
M6	0.00652809568652377,	0.00787082864670585,	0.00609868956011866
M7	0.00654349114181189,	0.00778955927957137,	0.00609424194834831
M8	0.00686644202376916,	0.00805662747152085,	0.0062866941616176
M9	0.00422167040376538,	0.00640161857654105,	0.00491894634775589
M10	0.0042334348345523,		0.00611390085573185,	0.00474915893388222
M11	0.00411831710057923,	0.0063856111984702,		0.00502963303196256
M12	0.00407279617861416,	0.00633267043850096,	0.00498975995386294
M13	0.0173413279178837,		0.0170189802472357,		0.0137371787918574

