3 hexa 20 20 bubble
15 19 0.30658 saab 
6 0 0.226859 bus 
0 6 0.528229 van 
19 19 0.488403 
9 16 0.314493 bus 
9 11 0.281959 bus 
15 9 0.40058 
9 4 0.253773 van 
4 9 0.244271 bus 
16 11 0.46806 saab 
8 18 0.388686 opel 
15 19 0.421422 saab 
3 0 0.282848 bus 
19 17 0.418175 saab 
7 0 0.20814 bus 
4 0 0.170568 bus 
19 11 0.365414 saab 
15 0 0.238927 opel 
16 3 0.247447 opel 
4 2 0.251753 bus 
15 0 0.402454 opel 
11 18 0.421418 
13 6 0.316798 bus 
5 0 0.27699 bus 
0 4 0.36737 van 
0 6 0.407847 van 
7 19 0.266954 van 
13 19 0.389755 bus 
14 0 0.289631 opel 
8 9 0.298115 saab 
9 16 0.20593 bus 
10 11 0.279556 
10 6 0.276878 
15 3 0.322328 saab 
8 7 0.503058 bus 
0 6 0.395963 van 
4 11 0.328185 van 
17 19 0.510049 opel 
19 4 0.525854 opel 
19 0 0.535861 bus 
12 10 0.308281 opel 
6 15 0.419733 bus 
9 3 0.306502 van 
4 4 0.322005 bus 
4 15 0.291465 
1 19 0.411033 bus 
13 7 0.22523 bus 
10 7 1.37209 
0 19 0.474188 van 
3 17 0.302959 van 
6 3 0.347248 
6 0 0.197585 bus 
19 9 0.291011 saab 
15 4 0.303469 
3 5 0.525875 opel 
3 12 0.337638 van 
16 9 0.427098 saab 
18 0 0.433637 bus 
17 18 0.297543 opel 
6 12 0.311376 van 
9 2 0.35207 
15 3 0.236228 saab 
17 10 0.315301 
4 0 0.144166 bus 
15 7 0.295775 saab 
0 13 0.342614 opel 
15 13 0.34663 saab 
0 8 0.412714 opel 
9 6 1.38066 opel 
6 3 1.2621 
19 9 0.192987 saab 
15 11 0.331854 saab 
1 0 0.265002 
5 1 0.279051 bus 
6 3 0.157577 
2 4 0.308556 van 
0 17 0.34471 
2 16 0.218772 
3 12 0.262875 van 
0 6 0.399631 van 
8 13 0.34908 saab 
13 6 0.334141 bus 
5 9 0.464097 bus 
15 12 0.358563 saab 
15 9 0.217572 
8 16 0.181048 
14 0 0.322617 opel 
10 2 0.243591 van 
0 4 0.45292 van 
0 18 0.358253 saab 
12 19 0.381515 bus 
15 15 0.302423 opel 
18 10 0.635851 
2 0 0.195257 
13 9 0.325437 saab 
6 4 0.251604 bus 
18 6 0.131902 saab 
6 10 0.301191 van 
11 15 0.258689 bus 
0 18 0.393845 saab 
0 18 0.360693 saab 
12 7 0.363326 saab 
4 14 0.270941 van 
15 0 0.291174 opel 
9 2 0.205482 
5 11 0.211913 bus 
11 12 0.399523 opel 
19 15 0.326193 saab 
15 10 0.28016 saab 
3 0 0.156053 bus 
5 9 0.156908 bus 
18 10 0.417084 
15 11 0.346213 saab 
17 10 0.285109 
0 4 0.753106 van 
16 16 0.244792 saab 
0 16 0.436596 opel 
5 18 0.313954 saab 
7 19 0.338438 van 
9 14 0.206551 bus 
12 10 0.32107 opel 
0 6 0.868654 van 
7 0 0.245996 bus 
17 4 0.365033 saab 
16 2 0.549903 opel 
13 7 0.230104 bus 
9 0 0.248594 van 
0 2 0.29853 van 
6 6 0.274869 
17 4 0.378666 saab 
18 19 0.449342 opel 
8 19 0.233311 
19 0 0.467013 bus 
6 1 0.229506 
12 14 0.301452 bus 
0 0 0.418452 van 
12 6 0.489075 
9 1 0.196131 van 
15 8 0.315098 
8 17 0.293349 opel 
10 7 1.28882 
4 12 0.276283 opel 
18 4 0.493055 opel 
9 0 0.295528 van 
9 3 0.236172 van 
2 4 0.455457 van 
0 16 0.33136 opel 
11 19 0.40181 bus 
0 5 0.179104 
2 14 0.229531 
9 0 0.288082 van 
2 8 0.504079 saab 
0 2 0.285357 van 
13 19 0.392862 bus 
15 18 0.307855 
4 3 0.218573 bus 
0 4 0.504637 van 
19 9 0.449811 saab 
12 7 0.283317 saab 
19 18 0.502914 bus 
19 0 0.515589 bus 
19 15 0.375993 saab 
19 0 0.567496 bus 
0 4 0.436047 van 
9 0 0.265138 van 
19 5 0.409993 opel 
9 14 0.385033 bus 
3 9 0.394726 bus 
8 10 0.468299 
15 0 0.311644 opel 
4 7 0.322684 
14 4 0.377655 opel 
12 19 0.237345 bus 
4 0 0.162683 bus 
8 8 0.209324 
5 15 0.26573 van 
19 17 0.468756 saab 
9 2 0.189568 
1 17 0.204406 van 
3 10 0.466534 van 
4 0 0.232613 bus 
7 0 0.297023 bus 
7 2 0.235738 bus 
4 13 0.271839 bus 
2 13 0.278674 van 
15 12 0.510565 saab 
15 10 0.181624 saab 
15 3 0.223415 saab 
6 0 0.299429 bus 
13 17 0.252511 saab 
17 5 0.274034 opel 
19 11 0.435251 saab 
15 0 0.312844 opel 
13 4 0.305029 saab 
3 1 0.180287 bus 
13 7 0.378156 bus 
15 0 0.149562 opel 
4 5 0.476874 bus 
2 10 0.287938 van 
0 4 0.640979 van 
2 15 0.443777 van 
7 17 0.162546 van 
15 0 0.383164 opel 
17 7 0.230321 saab 
3 3 0.193973 van 
2 5 0.33231 opel 
12 6 0.397317 
7 0 0.26816 bus 
17 11 0.459995 saab 
5 18 0.616693 saab 
0 8 0.438045 opel 
4 19 0.303712 van 
16 5 0.425961 saab 
17 3 0.222045 opel 
13 8 0.416456 bus 
8 12 0.412144 
13 3 0.302302 
11 7 0.431634 
14 0 0.328587 opel 
4 2 0.16129 bus 
13 17 0.279093 saab 
9 0 0.306147 van 
4 13 0.261127 bus 
19 17 0.47543 saab 
0 4 0.240695 van 
0 6 0.601113 van 
12 12 0.355114 
7 13 0.255135 van 
14 1 0.305535 saab 
10 12 0.266551 saab 
8 16 0.359218 
19 15 0.637874 saab 
4 12 0.358919 opel 
10 14 0.224661 
15 19 0.414899 saab 
8 6 0.373999 
10 2 0.238169 van 
4 3 0.160891 bus 
2 7 0.14491 
0 0 0.342089 van 
6 9 0.234357 
19 11 0.370767 saab 
0 4 0.404998 van 
1 4 0.489032 van 
2 15 0.362517 van 
1 14 0.356891 
5 14 0.277727 van 
5 15 0.246683 van 
7 12 0.279553 van 
2 13 0.211126 van 
4 0 0.219793 bus 
8 0 0.31867 
6 11 0.316002 bus 
10 11 0.549203 
3 0 0.154471 bus 
19 7 0.332661 opel 
0 6 0.396152 van 
14 1 0.237386 saab 
17 8 0.222446 opel 
16 13 0.580248 
7 7 0.176426 van 
16 19 0.283933 opel 
5 13 0.205801 
8 19 0.322825 
18 4 0.179148 opel 
11 19 0.446685 bus 
2 11 0.395007 opel 
19 0 0.420071 bus 
0 2 0.34594 van 
12 8 0.311243 bus 
0 19 0.352427 van 
14 19 0.245517 saab 
0 17 0.34035 
0 12 0.481248 van 
4 3 0.140221 bus 
8 4 0.25449 van 
19 15 0.500628 saab 
18 6 0.397669 saab 
3 5 0.539656 opel 
13 19 0.362976 bus 
19 15 0.412354 saab 
0 8 0.357478 opel 
8 4 0.271674 van 
14 8 0.264188 
16 19 0.153014 opel 
