3 hexa 5 5 bubble
0 2 0.416345 opel 
4 1 0.526569 van 
0 0 1.0404 opel 
3 0 0.592534 bus 
4 3 0.487031 van 
1 0 0.685012 saab 
1 3 0.381623 van 
4 1 0.386308 van 
2 0 0.344465 saab 
4 4 0.312896 van 
2 0 0.463017 saab 
2 4 0.391672 bus 
4 2 0.311632 van 
1 4 0.311177 bus 
0 0 0.339182 opel 
4 1 0.628682 van 
4 3 0.492919 van 
4 4 0.41516 van 
4 4 0.400999 van 
4 1 0.3063 van 
1 3 0.294815 van 
2 0 0.345754 saab 
0 2 0.501756 opel 
3 4 0.294735 opel 
0 0 0.547611 opel 
4 0 0.541341 bus 
3 4 0.315548 opel 
0 0 0.231113 opel 
2 2 0.419367 van 
1 4 0.244765 bus 
3 0 0.575931 bus 
4 3 0.513335 van 
0 2 0.52766 opel 
3 0 0.453661 bus 
3 3 0.468276 bus 
4 1 0.748255 van 
4 3 0.312544 van 
4 2 0.426007 van 
3 2 0.233109 van 
2 1 0.353004 van 
0 2 0.365277 opel 
0 3 0.362972 van 
4 4 0.519846 van 
1 3 0.33695 van 
3 0 0.433341 bus 
4 1 0.381313 van 
0 0 0.565699 opel 
1 4 0.450947 bus 
2 1 0.349745 van 
4 4 0.876007 van 
4 4 0.531099 van 
0 0 0.568913 opel 
4 4 0.660672 van 
2 4 0.290001 bus 
2 3 0.339874 saab 
4 1 0.468244 van 
1 3 0.251826 van 
4 3 0.200915 van 
4 1 0.44617 van 
2 0 0.563889 saab 
1 0 0.309427 saab 
1 1 0.327561 saab 
4 3 0.48837 van 
0 0 0.50726 opel 
4 0 0.67657 bus 
2 1 0.357992 van 
0 0 0.362916 opel 
0 0 0.49814 opel 
0 4 0.297173 van 
0 2 0.414598 opel 
3 2 0.407965 van 
4 0 0.785857 bus 
4 4 0.493479 van 
1 0 0.346411 saab 
4 0 0.478485 bus 
4 3 0.648479 van 
0 0 0.271298 opel 
1 0 0.434478 saab 
4 0 0.479654 bus 
0 0 0.394318 opel 
2 3 0.274169 saab 
2 4 0.361956 bus 
0 4 0.319258 van 
1 0 0.389637 saab 
1 2 1.71411 saab 
3 0 0.649325 bus 
2 1 0.330009 van 
4 1 0.415893 van 
1 4 0.370338 bus 
3 0 0.356888 bus 
2 4 0.341658 bus 
4 3 0.366078 van 
3 0 0.553383 bus 
0 2 0.419266 opel 
4 4 0.561527 van 
4 4 0.511874 van 
0 0 0.500275 opel 
2 4 0.36147 bus 
3 0 0.374266 bus 
0 0 0.468173 opel 
1 2 0.45291 saab 
4 4 0.3051 van 
4 3 0.600988 van 
4 0 0.58306 bus 
4 0 0.552102 bus 
4 3 0.80932 van 
2 0 0.488586 saab 
4 4 0.50539 van 
4 0 0.522207 bus 
0 0 0.427525 opel 
2 4 0.456871 bus 
0 0 0.500475 opel 
4 4 0.373614 van 
3 0 0.373427 bus 
2 4 0.387741 bus 
4 4 0.314066 van 
0 0 0.353246 opel 
0 0 0.708433 opel 
0 0 0.60191 opel 
2 1 0.530547 van 
0 3 0.159827 van 
3 3 0.47343 bus 
0 4 0.383585 van 
2 3 0.272819 saab 
4 0 0.434097 bus 
2 0 0.432665 saab 
0 0 0.362259 opel 
3 4 0.376728 opel 
2 1 0.405965 van 
0 0 1.11005 opel 
0 0 0.404767 opel 
0 0 0.327582 opel 
0 0 0.311 opel 
0 0 0.749027 opel 
3 0 0.477178 bus 
4 1 0.439647 van 
1 0 0.942776 saab 
2 1 0.470209 van 
4 4 0.43821 van 
1 3 0.353917 van 
2 0 0.53961 saab 
0 0 0.248342 opel 
4 4 0.368278 van 
1 1 0.391347 saab 
0 0 0.327037 opel 
2 4 0.362306 bus 
4 0 0.682438 bus 
2 0 0.465182 saab 
3 0 0.420956 bus 
1 2 0.384237 saab 
0 0 0.942274 opel 
3 2 0.142473 van 
4 1 0.765989 van 
0 0 0.534893 opel 
1 1 0.376589 saab 
4 0 0.208169 bus 
0 0 0.451854 opel 
1 0 0.397995 saab 
0 4 0.923819 van 
4 2 0.306124 van 
4 1 0.654272 van 
4 0 0.5499 bus 
0 4 0.366045 van 
0 4 0.30664 van 
2 0 0.425582 saab 
0 0 0.379763 opel 
0 0 0.379558 opel 
1 4 0.447495 bus 
4 1 0.14672 van 
2 3 0.402427 saab 
2 4 0.337716 bus 
3 0 0.373326 bus 
2 2 0.456174 van 
0 0 0.831962 opel 
4 1 0.591129 van 
0 4 0.333391 van 
2 4 0.332585 bus 
2 3 0.447281 saab 
0 0 0.559847 opel 
0 0 0.274468 opel 
0 0 1.09472 opel 
3 0 0.549775 bus 
4 1 0.511326 van 
3 4 0.664912 opel 
4 1 0.603742 van 
0 0 0.244783 opel 
1 0 0.536144 saab 
2 3 0.522021 saab 
4 0 0.565651 bus 
2 0 0.43874 saab 
0 0 0.280496 opel 
4 3 0.364688 van 
0 0 0.418027 opel 
4 0 0.49767 bus 
1 3 0.310252 van 
4 4 0.795731 van 
2 1 0.346722 van 
4 4 0.450383 van 
0 0 0.378196 opel 
1 3 0.325418 van 
2 2 0.441826 van 
4 0 0.548451 bus 
0 0 0.467413 opel 
2 0 0.418254 saab 
4 0 0.429114 bus 
2 4 0.366995 bus 
1 0 0.340813 saab 
2 3 0.32224 saab 
4 1 0.6168 van 
4 0 0.446754 bus 
4 4 0.489117 van 
4 2 0.468641 van 
2 4 0.369099 bus 
2 2 0.458252 van 
3 0 0.463422 bus 
0 4 0.203402 van 
3 0 0.652957 bus 
2 0 0.439907 saab 
1 1 0.362144 saab 
4 0 0.356261 bus 
4 0 0.495202 bus 
2 4 0.387188 bus 
2 4 0.363166 bus 
2 0 0.329249 saab 
4 4 0.530046 van 
4 0 0.389354 bus 
2 4 0.435158 bus 
0 0 0.712883 opel 
4 4 0.59394 van 
0 0 0.439336 opel 
4 3 0.223364 van 
0 4 0.916568 van 
0 4 0.298399 van 
0 0 0.40738 opel 
4 1 0.626692 van 
1 3 0.410039 van 
4 4 0.54814 van 
4 1 0.284964 van 
0 0 0.334049 opel 
0 0 0.376073 opel 
0 1 0.295014 bus 
0 0 0.508533 opel 
4 1 0.562244 van 
0 0 0.472217 opel 
0 0 0.302155 opel 
4 4 0.4749 van 
1 4 0.349384 bus 
4 1 0.780441 van 
2 4 0.397526 bus 
3 0 0.64146 bus 
0 0 0.278897 opel 
1 4 0.333847 bus 
4 1 0.538227 van 
4 4 0.585635 van 
4 4 0.42397 van 
4 0 0.378919 bus 
1 0 0.456436 saab 
0 0 0.468852 opel 
2 4 0.119102 bus 
0 4 0.352314 van 
2 4 0.44422 bus 
3 0 0.463044 bus 
4 1 0.434468 van 
0 0 0.474912 opel 
0 0 0.34794 opel 
3 2 0.348971 van 
0 0 0.324323 opel 
2 0 0.541889 saab 
0 0 0.379244 opel 
0 1 0.306682 bus 
0 0 0.936408 opel 
4 0 0.463596 bus 
4 0 0.37185 bus 
4 2 0.435946 van 
1 3 0.30185 van 
2 4 0.340865 bus 
0 0 0.334739 opel 
1 2 0.510367 saab 
